41794931
41794825
41792156
41792137
41790944
41790939
41790937
41786727
41785360
41785325
41784492
41781626
41781617
41781614
41781383
41779852
41779848
41779842
41779802
41779787
41779786
41779779
41776178
41776077
41775687
41774798
41774792
41774686
41771908
41771893
41765977
41764186
41764179
41764165
41763207
41760628
41758942
41742414
41742406
41741656
41741436
41735258
41739924
41734072
41733472
41730915
41729810
41723182
41723143
41723123
41723121
41723110
41719399
41719386
41719233
41718534
41718532
41718531
41714620
41714332
41714315
41713417
41712728
41712705
41712648
41711549
41709005
41708854
41708847
41708620
41706900
41706864
41705147
41705144
41702909
41702900
41701795
41701781
41701025
41701019
41699319
41698909
41698904
41698886
41690917
41690914
41690763
41688460
41688437
41686074
41678610
41678308
41673021
41672984
41672973
41671367
41671363
41667473
41667467
41665496
41663592
41663439
41663399
41663377
41662532
41656293
41652123
41650970
41650267
41650254
41650240
41650220
41650219
41650217
41650214
41649392
41645002
41643014
41643006
41642763
41642063
41639573
41639446
41639377
41639093
41639087
41639076
41636621
41634392
41631991
41631989
41629316
41629312
41620233
41620232
41619752
41617711
41617693
41617688
41616057
41615745
41615298
41611688
41611661
41611528
41609478
41606344
41606333
41606155
41606153
41606147
41605939
41605933
41604482
41604479
41604478
41604265
41593105
41593078
41592127
41591251
41587308
41578126
41577703
41577700
41577674
41576159
41576089
41571684
41571660
41571655
41571647
41571643
41571635
41570112
41570070
41565818
41565673
41564178
41564124
41563074
41559415
41559085
41559054
41559048
41558480
41557799
41557732
41555035
41554982
41554747
41554739
41554735
41554732
41554728
41554722
41554716
41549101
41545411
41544156
41543897
41540061
41540032
41538442
41538430
41535686
41535488
41535468
41535462
41535294
41535268
41535264
41532836
41532433
41530175
41530174
41530160
41530138
41530132
41528959
41528225
41528223
41526721
41526507
41526380
41519964
41519952
41519814
41519812
41519804
41519787
41513659
41513644
41513620
41512075
41512045
41512039
41512020
41507124
41505557
41501467
41501075
41501068
41501048
41501044
41501038
41501037
41501019
41499506
41499492
41499391
41495409
41495240
41495067
41495045
41495023
41495018
41493275
41491099
41490241
41482562
41481732
41481731
41481723
41481705
41481488
41481466
41481451
41481440
41478861
41477903
41477894
41477869
41477839
41477820
41476170
41476075
41469529
41469395
41469393
41461660
41457082
41455709
41453943
41453880
41452988
41444482
41444232
41441444
41439702
41436450
41432565
41430046
41429792
41428887
41428869
41423641
41423631
41422228
41422110
41422091
41419773
41419730
41419484
41417905
41416875
41413050
41410769
41410766
41410571
41408416
41408055
41407903
41407694
41406228
41406208
41405870
41405860
41405429
41405428
41402283
41402282
41402276
41402266
41402257
41401143
41400997
41400992
41398177
41398146
41397961
41392045
41392032
41390676
41390495
41390487
41390484
41390466
41390462
41390340
41387953
41387681
41387679
41387672
41387443
41386791
41385638
41385543
41381537
41381503
41381490
41381469
41381465
41381456
41381449
41381442
41381418
41380002
41379994
41379952
41372235
41372219
41372163
41372157
41372152
41372126
41371214
41370392
41370388
41370376
41366248
41366244
41365871
41365851
41360981
41360803
41360790
41360762
41359841
41354734
41354665
41353204
41353200
41350540
41348893
41348880
41347921
41347917
41345395
41345316
41345296
41345128
41345102
41343671
41343655
41343633
41339709
41339572
41339554
41339547
41339546
41339327
41337587
41337586
41337585
41337576
41337573
41337490
41330946
41330604
41326410
41326395
41326390
41326366
41318594
41318557
41318214
41315345
41315332
41315306
41315262
41315255
41315242
41315240
41315237
41313765
41310346
41310137
41309631
41309620
41309586
41309581
41309564
41308160
41308156
41299181
41299166
41299050
41298469
41298467
41298392
41298362
41298357
41297538
41296871
41296845
41296758
41296717
41295087
41295086
41295085
41290691
41290686
41290669
41290660
41290658
41290653
41290604
41290329
41289380
41289378
41288482
41285861
41285832
41285819
41285813
41285803
41285734
41284905
41284742
41276529
41274934
41274891
41274889
41271767
41271730
41271715
41271705
41271682
41271668
41270181
41270177
41270162
41269798
41269797
41266362
41266325
41266299
41265454
41265437
41264250
41261173
41261132
41261120
41259504
41259137
41258795
41258794
41258793
41258300
41818367
41818355
41818305
41818153
41818149
41811952
41811944
41811081
41807447
41807446
41806816
41805573
41805414
41803147
41803125
41842667
41840032
41839892
41839876
41839855
